14235
3229
7898
18083
15071
-7886
7667
-1221
-833
3313
1162
11736
6141
982
3582
2693
12057
-1656
2526
-6892
-20602
5274
6976
-5989
18316
-11736
369
-1511
12369
11857
1250
3052
-7164
-15984
-2808
1262
9928
9703
-3126
-2439
-8461
-11459
-13769
15742
-4113
-3535
-10110
6274
-13024
-1717
-7226
3122
-4122
-9527
-227
3456
537
2441
-5119
-2927
-5427
-2901
-6562
-13931
1432
-3242
-13155
3735
-7322
419
5884
1041
9195
-9965
3247
-5526
-7027
-4671
-2514
453
-9402
7269
3758
-12397
12010
15299
9512
-1452
-8641
8509
-3254
9865
1681
7881
2876
5702
85
14411
1024
3244
15196
-10876
-10252
7823
-9467
15684
-3338
-6032
15518
11947
15071
7311
-6950
15414
-2163
6476
7644
-1251
4955
7442
3038
-8872
2407
10704
-5605
-1208
-3512
14923
5425
3288
-6213
4352
-5442
257
-5131
5459
4653
-1681
3196
-8821
-12034
3546
1345
5124
19231
7622
-7366
9014
-10619
-3725
-551
13826
-6010
-6669
-794
-5354
9092
-8715
-9260
-3533
-4019
15571
7662
707
-9889
6814
-8071
-12466
9587
2558
7431
2572
6914
-5254
-8346
5500
-6483
-5564
-3676
141
-2857
-11095
-5194
-17942
5045
-12928
-8912
421
-5968
12452
-10433
2155
-317
-9426
4223
-1384
6228
6645
17457
10785
-2979
-1932
8874
5288
5166
-13048
-196
-5956
2259
-792
7345
2560
6345
-3764
-7621
-3309
-137
3060
18232
-341
-7714
-2792
-3741
3885
-12434
511
1263
1874
-4820
-1920
-11492
-3981
-4381
3357
-9330
6304
12060
-16704
3440
5462
-5144
-3206
-1072
-2403
-2494
-13525
9299
8712
-6564
-11834
4205
-4646
1146
-2577
5580
5606
-5855
-11163
-12774
4926
-9594
-4090
-4812
-424
-15625
1523
4228
714
-2509
786
3220
-22374
15784
3148
-5265
-3155
3984
-937
-16387
16660
-892
8232
-5585
12398
2311
4913
-8435
9774
5567
10505
-5068
-3882
18592
-8554
-1097
9174
789
4704
-3223
2986
-10543
13381
-954
-5489
5377
-3718
-10767
-10868
5599
-1288
-1079
8697
-9093
-5896
-3106
761
-340
-2315
-497
-866
-5807
-6561
2215
-7189
-9339
-2520
-1272
18211
-5687
7612
6030
-9594
6240
-9554
-21459
4893
-14169
3639
-5520
13392
8623
-3659
-5551
-9797
-3558
-2262
-2943
1265
4668
2822
-6166
-11603
11011
-5564
-5264
-4206
-14873
-3857
-3871
5006
5636
30
7520
2743
-127
1299
-1539
-3186
-2161
-9103
2263
-8014
6792
-2013
399
3985
5191
-12674
-1670
7103
-13703
3125
-18202
-8251
312
-13369
-7953
-11877
13300
1325
4578
-1797
-2852
-13044
-2355
-6145
6923
9208
11835
6880
-4831
-9005
6187
2875
-14272
2869
6573
476
-1493
-6517
-11673
6458
-2494
-1884
13982
5524
2992
1146
12266
13877
7501
4698
-16903
998
-1050
758
7610
-22108
-4594
2178
-3767
-11434
7012
2234
-7836
2540
6630
43
6460
632
-3189
-9356
-693
1568
7068
-929
3691
-7784
-6316
-891
-8511
6619
3737
2252
2735
16309
-3784
-17765
1608
-408
-4176
-7899
-3544
1463
-4058
19468
-7751
-6400
-18468
2029
-16272
-4353
-2225
-5727
14032
8024
10645
-7121
9107
4003
6225
8307
-7333
-3424
6961
-21430
12212
4464
-369
1779
-8311
-2824
8879
10475
21758
-597
-5314
-4150
-8215
-628
3089
-276
8847
-1890
-2804
-4691
-13175
-12651
-9515
10502
7224
11096
-10751
-15886
-5326
1419
4024
8457
2294
14063
-1796
-7368
-13567
-7174
1954
-7172
7559
11397
-19122
6973
-18073
3240
9884
523
-10327
-4724
-2111
-1471
-1637
-887
1723
-9753
-1953
12252
-3104
-3582
8701
-20652
9533
-5099
1323
777
7605
-2159
-5471
10473
-19078
164
-10877
-6146
16230
-360
1574
-14377
-5883
1586
2863
4978
70
4253
3662
-14765
299
6197
4760
-2936
-6501
-9024
-1058
9144
-15750
-5325
-9198
6334
-4473
-3798
-1751
3594
-3166
-24581
4384
3543
-1772
-8748
2839
3060
-3793
-1749
-7506
-1441
-12511
3368
-7621
1921
-11346
-4762
-892
-13401
929
-3060
-14060
-10517
4883
7227
-1064
3266
1806
2660
10377
-12161
5459
-3083
-1810
-2439
-3027
-9895
1479
13484
-453
-11
-5546
-948
3762
-2988
-3662
3254
-7408
2038
6620
10974
-729
11036
8347
-8039
-9828
-2461
8303
-583
-4847
12526
2315
-18726
2559
4197
1821
3629
-543
-10639
-2991
-7631
-7527
-10193
3651
790
-3617
-5240
-189
8709
-16173
3041
-4404
-15208
-15701
-7366
1771
3172
-7577
8207
11483
3196
-4772
9074
6096
7000
-5297
-22874
17082
-12999
-289
19212
2668
7660
-12124
-14345
-4299
8802
-2794
-6412
1598
8731
-11660
-9769
-6364
8833
1895
17206
7557
-283
10209
1707
-5688
5487
-5619
-2343
10715
-817
-6481
-3747
8246
-4459
-3122
-4118
1484
-3111
-12926
-7159
-7527
10033
6558
4739
-4078
-6583
-4096
-8488
20152
-18119
4551
-10366
-842
-7973
-9503
-9201
14162
-1073
-6179
4485
84
5810
-14721
2450
6235
-13409
3617
13688
-120
6628
5411
-5709
321
-12645
-3642
2144
5835
199
5810
-8900
-821
156
14926
-1728
-4027
172
-7417
1555
-2946
-14455
-473
-2562
-13173
-542
12019
4207
4938
-10825
3848
1198
4269
3410
-10973
-334
-6116
-404
-7242
10591
-6932
-7254
602
-8692
-3427
-6698
11388
6341
-464
-3157
7593
3270
4019
-211
-13623
-908
-4297
5205
8165
-5309
3780
14008
-5388
13573
-6880
185
-90
93
-6760
-4771
-5388
2638
2663
17963
11063
-4114
2622
8046
247
-562
416
6999
-6846
-2628
3796
2513
1933
-2984
7848
17220
3280
-1559
6099
-4351
-6050
265
-20842
-9312
-2808
-10921
-8333
-3524
-13258
-3277
-4319
205
9314
1392
170
803
1835
-8205
-926
2492
-11062
6986
8726
-5095
-1948
-7087
5644
-8564
-1795
-6931
411
-14479
10704
-7784
483
-1715
-6150
-7164
7556
-4242
2188
-6468
-5223
3811
7508
-1415
-11474
16123
-6912
-12440
20936
-3260
-11796
-5515
2966
1536
-6873
14709
-4209
-9560
7752
10725
-6597
-11308
8315
-16521
-9898
7807
-447
-2130
2847
-1233
-10480
10298
10692
1657
364
18880
-2231
-2095
2941
11873
12853
-2087
2488
-11121
-2518
-6781
-8125
13570
-6393
-4290
2952
10473
3882
22267
-603
2088
2224
11580
4093
-938
-7646
1973
11308
-3312
4268
1986
6968
-6494
18937
-10322
-2950
7570
2395
6698
-4003
-604
99
12663
5572
6429
-5309
7819
1820
11210
16253
-2476
-3279
-6973
-1159
-3083
2901
-1167
-2918
8591
-7568
3495
-3276
5845
11179
-2446
3559
1443
-6451
1943
2333
3332
-1601
760
-9261
-2890
4486
7202
-3408
845
1840
1626
4364
-14671
-398
1929
-8072
13509
1304
12616
-6379
-7322
1810
-13546
1735
785
8196
5657
-3369
-8856
