13818
-6392
-8437
-8754
9016
-4187
-6082
1111
-1670
-5472
6084
8597
7951
6189
3249
-14331
13470
2437
4908
8997
11567
3376
3515
-4836
267
-6893
-5810
-7211
-1259
8466
25589
1529
-10881
10208
-2427
-5331
1693
-10011
1795
-713
794
3078
545
132
2294
3352
-8324
-11540
-497
-11562
706
7575
4899
-8458
-6942
2649
-3238
-2555
4817
-7967
-3238
-6456
-8418
-6916
5467
418
-7095
-1865
-13225
-5918
17346
-728
5904
-528
2810
5352
-8914
-250
12741
-6419
-4571
-2483
2171
4236
10228
4031
-501
10161
5682
-12070
20387
14283
-1357
3050
10687
-1390
5894
8914
-8189
-4861
7435
3719
7455
-1070
-2332
-16128
-9248
380
6654
4286
-1035
-2193
1753
631
11334
1182
-11953
-10269
12256
-9451
6169
-2166
-1370
-1082
9856
-1556
-269
-12353
1668
4285
1930
11281
445
2413
13303
-12508
-3678
11509
7554
5474
6719
2639
13166
3048
1936
1283
1556
-9337
6219
-1053
14702
-610
3397
1990
-5048
8006
15373
-119
-2425
-2865
-15271
-1435
2025
8512
7747
-3361
-2234
9070
-1400
-4116
11237
8373
152
-4792
-16235
4759
-7233
-15839
12789
5229
-9191
-9800
7028
-7085
10460
4975
4330
3266
1545
7105
-3664
694
6068
4543
-9643
-4038
2040
-3293
14321
-3173
-1309
6209
2667
-1172
-6105
2433
8385
3866
-6280
14015
-11673
-12772
7751
1822
-4434
-8865
18728
945
4311
2565
3509
4358
5910
-3028
-2353
-14049
-6297
2188
8433
4834
-2749
-10193
-22412
9294
-4755
-3619
1062
-11342
-2823
16329
4078
2899
-12770
18105
-11481
15513
-17068
11341
13057
-6653
3410
4418
-6567
-11694
-10634
4366
-687
-4554
7802
4100
-6096
-9693
4223
-4338
801
12720
4054
-6958
1296
-7688
12980
-4532
1673
2483
1285
-15805
-11672
-3650
2578
-1112
-7724
-10881
-3240
-3780
4138
-2633
4864
-4799
-2065
-2809
-6313
5045
-6565
-4209
-590
-10469
-2622
-5740
-3132
-484
-6455
-1776
10561
-208
9242
2796
6247
-6250
847
1081
-4944
-6640
-12026
12073
-7847
10864
-3773
-6960
5024
-5094
4587
-2686
3877
-7813
6709
3938
-7421
21328
4359
18483
12914
-1524
-3327
-3256
-14768
-5615
1991
12314
-6236
7118
-10108
-4731
-3693
3000
3690
7766
6220
1962
3150
12819
-4123
6252
-14591
3319
-3900
21
8393
1329
7143
11893
3140
9450
-2635
-66
-4217
8416
3342
-4093
1248
8405
-317
-7658
1064
-15983
6204
-3400
-3787
7067
-11016
15712
-3875
-4222
8241
5719
19781
-1704
-972
-11938
-2680
-5822
-3621
-14075
13401
-11432
-22613
-9590
-4873
-9277
8863
-1112
205
4926
2308
7897
-8953
-4418
5374
-20453
-11097
4043
-3875
7554
6530
-9668
3282
9697
1190
-7888
7096
5128
4379
5777
-24166
7109
14591
3524
1555
5620
2729
5260
12
-6187
-8105
-8055
-11080
-8616
14213
6085
-5044
-3150
908
-5290
545
6275
-288
2712
7154
-2196
2298
-2497
-230
-2620
-4268
1402
4572
1181
4025
-5955
-9714
3365
5551
402
10878
7325
21631
-1620
-8060
-5973
-4563
3841
-17415
10640
-1931
-1992
-8710
-922
107
-984
2736
-4758
-7229
4425
796
1591
8546
-8252
-6902
10145
-11966
-10567
6600
1922
849
-740
252
-743
10938
-3213
-1302
14481
222
18012
-847
11035
-13358
1240
-12786
6814
-9787
2290
-2277
-9346
-13068
-4124
14046
-2368
7402
-460
7075
-14743
-3254
7661
-1317
-698
-3474
9275
2401
355
5189
4747
1716
12484
-487
2244
-5188
1211
12813
-5191
-9148
8044
-1200
775
-364
638
6864
-6771
-8165
686
-12963
-11080
15064
6113
-81
9990
-8397
-2547
5031
7187
4139
-20507
-7812
3850
-2872
20499
7477
4504
-9013
-285
1946
9101
7110
8336
-7456
11396
-11140
-4325
3476
-1210
-8118
-6630
-12494
4293
10172
-810
-3231
-11881
7369
17845
-14505
-8582
-5484
-4554
1835
13026
8139
4258
-5842
-9035
-6430
12492
-498
-3606
-1483
6654
-10594
11418
1263
-1746
3574
1762
-2778
-2039
-7011
5297
-4293
-7717
1338
10726
-390
-4907
3259
15629
-11716
3084
1655
9373
7996
-1507
-13594
6509
-6740
-7640
9267
-7350
11321
2710
2575
2480
-13222
-14335
1739
4584
667
-6630
153
-662
-7724
8182
-13963
4751
3101
8148
-8113
818
17521
5343
812
4351
695
17680
7938
-691
2036
-3154
9763
-11347
-12950
11771
17375
3779
910
5304
-5222
1382
314
5056
-12573
-4092
6819
-5452
-8016
16479
308
-4672
-13657
5886
5642
-2411
-8895
-198
-6745
-7602
-833
-8484
1990
4906
-6776
-11041
12599
-7588
-5326
1719
4837
-2068
3718
-3236
-7837
11510
20081
13686
1144
14795
2870
-3852
3764
-762
-7933
-7249
6472
-14901
4875
-13150
-17117
-14839
15871
-1584
699
11453
7539
-11229
7013
1486
-2757
196
10328
-7149
3235
-78
-14503
-6474
1559
10469
8080
4819
-6579
14535
1737
-8121
-1476
7232
61
7157
8906
3232
-6921
1093
364
15004
-13124
-1088
-4713
2704
-19670
8997
111
-14886
-2914
4914
-12842
26
-8533
-4487
216
1480
-3799
2201
6601
-2251
11552
11800
-3459
-5147
-13429
-1021
-2933
6287
-12182
-2238
7817
-5894
-6152
-11676
21147
-6032
-10493
-6487
-6248
-2174
6660
-2407
-7447
-11712
176
343
12354
746
-799
-8478
-2469
-3538
-2987
-7741
4344
-1149
-1617
-13832
3984
3930
-6772
7990
-11013
-176
-2189
-10629
1531
13739
546
-3736
3607
853
224
-3434
11475
3683
-4266
-872
-5979
-4909
-5170
-9154
6272
-2349
4472
-5408
-487
-5738
5807
-2005
-5898
-13248
2225
-5716
-127
-3968
7700
4391
3609
-4972
3763
13838
-6715
1391
-13309
11286
-3211
6315
-13906
14506
-2880
4403
1217
-2062
13604
-13299
2411
7349
-241
-954
-1151
-9907
308
4137
554
-2197
-3952
-2254
10150
-16838
323
-2645
11748
448
11983
-17139
3709
2260
11221
-13245
-1251
533
-4001
9817
-2733
16420
8507
7673
4513
-8584
-3479
4622
5468
10549
-3772
-6941
6933
-6533
7047
9681
3681
-2886
332
4789
82
17740
-7994
-8091
-7883
-4758
-17583
-5081
-5272
634
3372
-10008
7263
14544
-1681
12705
1606
16048
9016
-12620
150
8508
247
-298
10247
-5728
141
2612
-2694
-162
6254
3493
-6526
-8910
-6368
10
-1291
-6714
-4827
-12266
3372
-323
-10166
231
10835
-5971
10613
-2610
1596
789
11310
1279
-9215
-10579
-12370
-13815
372
-7734
-652
-5680
-6220
-3880
5678
7498
2995
-7988
5194
5559
2216
-4871
5720
3412
-25152
5201
-15443
5355
-1243
9632
-792
-7155
-1189
8552
212
-923
6000
1698
-48
11024
12549
4949
-2308
12080
9547
5801
-9813
1135
-6001
-1283
1937
808
-3835
10272
